[  1612.16831659   -802.99063024    -80.7263126    1025.19178781
    234.03490011   -359.18151985    481.57591193    585.76699696
   -142.62201026    211.9464045     581.24188188     11.36098388
    129.09402073    528.49360208    111.94212797     93.38562787
    465.99011122    209.92202263     67.35793074    376.80818465
    322.05648824     79.48824742    227.15083621    403.7848346
    225.93631863     85.97305208    293.69843046    382.3361854
    121.36189774    150.87079933    437.35535674    222.80778351
      5.08376598    408.60173084    482.65437494    -92.62209676
    -45.76876654    735.20922473    684.9775652    -249.65441362
   -190.09625572    772.43372127    583.29567749   -335.60155742
    -52.03577678    811.7029566     673.24471803   -112.74413163
   -477.30540235   -283.61863211     77.4007613     347.12473694
    420.93793221    297.85516692    135.17628447    126.38410345
    267.54006816    377.34852202    340.08835822    196.8457616
      1.10890565   -314.80864243   -805.73367719  -1051.64836747
   -206.26212454   1262.13392027    957.55981834   -883.44938535
   -246.91434206   1731.86093656     56.13607626  -1493.6738394
   1432.54613461   1921.43615791  -2036.7737996   -1280.9054553
   3603.73062135   1930.68692404  -4399.57335259  -2833.00929575
   5704.69937904   5915.56299597  -5414.39080903  -9906.8045145
   3305.97485306  13441.79606983    548.63804522 -12669.83269164
   -301.10049711  12712.22500019    355.67678596 -11726.8511831
   -887.01507722  11188.69765602   4873.74831662  -6256.80282838
  -4826.2481578    4039.47655156   5222.19635309  -3768.15318152]
